Trial	CorrectionTrial?	StartTime	CenterReward?	F1	F2	F3	F4	HoldTime	Atten	Pitch	Side	Response	RespTime	Correct	
1	0	12.1139	0	460	1105	2857	4205	601	-10.0	263	0	0	12.6881	1	
2	0	20.2732	0	460	1105	2857	4205	901	-10.0	149	0	0	20.4893	1	
3	0	36.5468	0	460	1105	2857	4205	951	-10.0	459	0	1	36.8897	0	
4	1	45.5245	0	460	1105	2857	4205	951	-10.0	459	0	1	46.0016	0	
5	1	52.7410	0	460	1105	2857	4205	951	-10.0	459	0	0	53.7177	1	
6	0	65.0784	1	730	2058	2857	4205	851	-10.0	330	1	1	65.4598	1	
7	0	67.4900	0	730	2058	2857	4205	1001	-10.0	200	1	1	68.1477	1	
8	0	78.8859	0	730	2058	2857	4205	701	-10.0	459	1	1	79.3359	1	
9	0	82.1024	0	730	2058	2857	4205	751	-10.0	330	1	1	82.3313	1	
